camera_matrix:
- - 649.9329435396745
  - 0.0
  - 324.15963110402214
- - 0.0
  - 652.5591604185296
  - 257.15035489307945
- - 0.0
  - 0.0
  - 1.0
dist_coeff:
- - -0.0465955331808396
  - -0.6931738961149211
  - 0.0035086953302614953
  - -0.0012514825712274912
  - 1.0160627439106065
